tf.Tensor(
[[[0.16606331 0.16606331 0.16606331 ... 0.16606331 0.16606331 0.16606331]
  [0.16606331 0.16606331 0.16606331 ... 0.16606331 0.16606331 0.16606331]
  [0.16606331 0.16606331 0.16606331 ... 0.16606331 0.16606331 0.16606331]
  ...
  [0.16606331 0.16606331 0.16606331 ... 0.16606331 0.16606331 0.16606331]
  [0.16606331 0.16606331 0.16606331 ... 0.16606331 0.16606331 0.16606331]
  [0.16606331 0.16606331 0.16606331 ... 0.16606331 0.16606331 0.16606331]]

 [[0.87208676 0.87208676 0.87208676 ... 0.87208676 0.87208676 0.87208676]
  [0.87208676 0.87208676 0.87208676 ... 0.87208676 0.87208676 0.87208676]
  [0.87208676 0.87208676 0.87208676 ... 0.87208676 0.87208676 0.87208676]
  ...
  [0.87208676 0.87208676 0.87208676 ... 0.87208676 0.87208676 0.87208676]
  [0.87208676 0.87208676 0.87208676 ... 0.87208676 0.87208676 0.87208676]
  [0.87208676 0.87208676 0.87208676 ... 0.87208676 0.87208676 0.87208676]]

 [[0.92710006 0.92710006 0.92710006 ... 0.92710006 0.92710006 0.92710006]
  [0.92710006 0.92710006 0.92710006 ... 0.92710006 0.92710006 0.92710006]
  [0.92710006 0.92710006 0.92710006 ... 0.92710006 0.92710006 0.92710006]
  ...
  [0.92710006 0.92710006 0.92710006 ... 0.92710006 0.92710006 0.92710006]
  [0.92710006 0.92710006 0.92710006 ... 0.92710006 0.92710006 0.92710006]
  [0.92710006 0.92710006 0.92710006 ... 0.92710006 0.92710006 0.92710006]]

 ...

 [[0.5444857  0.5444857  0.5444857  ... 0.5444857  0.5444857  0.5444857 ]
  [0.5444857  0.5444857  0.5444857  ... 0.5444857  0.5444857  0.5444857 ]
  [0.5444857  0.5444857  0.5444857  ... 0.5444857  0.5444857  0.5444857 ]
  ...
  [0.5444857  0.5444857  0.5444857  ... 0.5444857  0.5444857  0.5444857 ]
  [0.5444857  0.5444857  0.5444857  ... 0.5444857  0.5444857  0.5444857 ]
  [0.5444857  0.5444857  0.5444857  ... 0.5444857  0.5444857  0.5444857 ]]

 [[0.2577188  0.2577188  0.2577188  ... 0.2577188  0.2577188  0.2577188 ]
  [0.2577188  0.2577188  0.2577188  ... 0.2577188  0.2577188  0.2577188 ]
  [0.2577188  0.2577188  0.2577188  ... 0.2577188  0.2577188  0.2577188 ]
  ...
  [0.2577188  0.2577188  0.2577188  ... 0.2577188  0.2577188  0.2577188 ]
  [0.2577188  0.2577188  0.2577188  ... 0.2577188  0.2577188  0.2577188 ]
  [0.2577188  0.2577188  0.2577188  ... 0.2577188  0.2577188  0.2577188 ]]

 [[0.19157243 0.19157243 0.19157243 ... 0.19157243 0.19157243 0.19157243]
  [0.19157243 0.19157243 0.19157243 ... 0.19157243 0.19157243 0.19157243]
  [0.19157243 0.19157243 0.19157243 ... 0.19157243 0.19157243 0.19157243]
  ...
  [0.19157243 0.19157243 0.19157243 ... 0.19157243 0.19157243 0.19157243]
  [0.19157243 0.19157243 0.19157243 ... 0.19157243 0.19157243 0.19157243]
  [0.19157243 0.19157243 0.19157243 ... 0.19157243 0.19157243 0.19157243]]], shape=(8, 32, 32), dtype=float32)
