0.085665256
0.091253914
0.083814785
0.07662534
0.08030902
0.065909065
0.072202995
0.059656028
0.053125933
0.07059767
0.05062389
0.045885373
0.045958914
0.05840335
0.067039356
0.040814303
0.044240903
0.041385315
0.038516063
0.05315527
0.046794664
0.03492022
0.041448724
0.051287584
0.042419046
0.053982947
0.04790407
0.04959694
0.036749363
0.044597924
0.043797616
0.03697062
0.046439093
0.04108165
0.03217024
0.030985618
0.036599256
0.033135615
0.030087907
0.033628948
0.045266267
0.032979943
0.030347422
0.0336015
0.030081106
0.041850463
0.036730114
0.042841855
0.031060364
0.033475023
0.02815594
0.034614686
0.03112019
0.028159875
0.03702034
0.031686448
0.03495339
0.025803948
0.027445534
0.028499667
0.027105052
0.029070487
0.025310514
0.030439476
0.02296001
0.024961814
0.039701976
0.024198422
0.03093745
0.028741378
0.03097052
0.028838584
0.026002914
0.032449428
0.03016972
0.033477597
0.030480428
0.025772218
0.024970163
0.021734992
0.020351466
0.021790057
0.024347896
0.026555944
0.02323524
0.019493276
0.02327231
0.022014834
0.02927381
0.020100694
0.02730141
0.023965918
0.020181213
0.016791869
0.02827537
0.021414153
0.018289099
0.022396425
0.029623218
0.0174338
0.018378787
0.018243343
0.016933959
0.01884912
0.021951577
0.01837162
0.016808547
